796610
344480
819820
494783
998324
301436
608801
450488
245568
195370
303872
936969
724624
720672
933075
623209
443414
122116
666681
507739
701650
714413
639584
163590
477187
43370
120432
84718
162980
881255
442669
68253
796433
95053
66545
158020
561755
980566
47232
345833
178312
604878
54231
865036
739817
609856
65461
439336
930825
845862
46633
408936
322536
445351
130135
970477
752354
340564
345547
882707
392991
180507
996306
745439
88087
856741
632931
758543
982039
666036
219453
561579
558870
997135
383967
526453
872845
375638
50232
945162
980142
185426
8575
779106
796218
755372
611962
869149
423318
246062
206908
443021
110853
545315
425423
499273
176374
282816
94768
654702
48021
394651
74822
835847
716190
986497
848402
48438
891363
993412
934983
290388
296870
891904
3572
967705
680270
243308
176898
481544
196148
789639
620301
452591
923357
57206
56555
171014
523575
393077
533996
136980
424823
860948
354957
428353
23809
447665
356969
391509
502294
335159
489210
953228
980705
880460
104044
953120
49298
601365
935890
338348
554363
243103
76115
614051
840786
105199
645224
768200
563551
188758
490896
916142
156127
620511
195195
490213
173481
130174
845391
551377
942012
292877
465925
600274
836804
334744
606275
427260
774615
810769
143400
702695
88390
766371
947964
301467
287188
484446
264145
535751
178218
762670
236470
80290
438882
631286
402162
187761
375920
297023
66986
36955
710306
234437
402976
70571
477706
887236
660190
59296
364012
161119
761823
866241
653485
218961
852325
411367
121220
326325
179002
561138
459880
627765
580863
612628
138858
584435
212486
189624
768951
671116
899502
849395
461808
115592
865769
723180
884921
217599
709513
652855
856250
248159
230938
125441
976173
488493
917320
20995
616169
320675
941612
862524
922063
507437
865445
292769
477073
285843
109009
553057
97737
14241
628718
11667
701431
444537
489156
268650
959159
172320
661569
285807
734852
281577
500279
748897
443481
597687
569403
144913
151094
662741
657784
177740
773893
300487
21053
308791
497830
978751
792004
634077
28262
359100
773928
609709
620899
888746
224421
489165
185729
760138
130336
713473
474369
897961
725649
155486
301107
369638
899186
987326
655103
193722
208080
603691
755267
910412
316505
258680
543003
845032
948825
542543
797827
933606
178711
788127
356990
662973
967717
64008
873043
618842
43403
874612
119017
669995
599307
731791
335024
642704
554040
767525
595278
661101
236232
154174
918641
791093
869525
352669
339396
195832
500429
32942
546084
903314
749354
751502
181739
16050
661117
422408
571088
448503
540684
224772
536055
122681
663463
991431
195942
353831
634398
252873
530563
948465
961707
327916
212718
486503
678267
283863
228535
873172
289491
861141
977425
601441
41278
420157
901764
685101
250838
129023
638567
932377
223623
536813
207666
375510
326748
448250
364356
182800
345898
229762
626240
67664
579863
202055
628292
36193
897242
270356
368219
354898
664223
99936
197811
814829
901477
430025
858922
261208
282420
651571
205170
759869
368406
256679
606958
632884
556644
269145
410112
457361
210440
281604
385183
229546
798679
52685
76144
363854
611317
547557
273414
614748
576800
278418
495345
702665
646157
285782
802302
86299
19651
511972
48927
838252
553264
685263
585839
544471
842273
842979
794364
334225
488152
849300
924713
105367
385065
860671
1605
193002
922251
800445
351483
7257
12083
867878
333576
182889
388145
339340
915900
223915
975453
966174
369243
59961
235356
90722
617165
201740
477395
720831
202097
15294
65909
189708
601880
523126
596765
39696
621374
803816
297834
433864
924522
547338
288525
895003
985162
544383
16452
19238
569268
975978
704844
587301
176505
643913
112520
542549
307774
217974
554822
919951
844195
33249
207939
292285
837187
686963
779961
620675
557547
388258
19540
792902
701856
135718
57708
534524
664152
9909
686860
743792
846028
614417
16315
824327
798604
434699
803645
476269
961341
485184
435407
717976
146510
139085
654531
52230
654420
410084
808823
906571
229904
610465
884048
892702
459418
181069
224621
716435
777782
117747
36571
75879
633997
131496
452419
430490
135170
824520
113392
26154
283968
171016
498651
458764
295178
909585
34977
261228
474706
289170
940876
634737
736966
598386
666864
802858
503543
76119
310467
637659
520884
371604
461878
41324
39471
454079
821245
395810
614509
354192
533415
407125
906259
565447
710827
440489
832246
545195
357536
706638
646003
284087
346517
123079
217795
807132
509511
293051
221910
244996
249138
365584
781420
352966
849354
698474
632428
950707
282872
465221
887385
665757
640985
821713
680302
730750
348438
447445
793896
603528
934835
80100
266467
166975
992765
830492
14828
539973
384886
457671
746981
39334
893640
756974
104367
893520
846536
556356
129005
367799
916250
4252
506079
872033
452088
158388
621312
508930
186368
306583
371317
240334
488806
600075
971882
761582
541402
665074
116536
404309
557264
369528
672642
833624
580728
920940
644652
942055
450448
964604
192271
93713
509550
386494
231379
214746
392985
488633
786890
188869
879018
384668
983752
55088
128734
88038
381108
429841
928646
764865
663274
227969
944098
930042
228391
984458
125489
345117
668331
202635
26838
478319
917195
652210
234965
376050
801539
707577
875985
797106
537101
55399
763855
96461
613773
609032
280928
444489
177532
938373
480657
378934
634874
175744
616980
395169
147972
955536
388361
791422
738518
449949
644362
603637
272110
965155
703136
969319
354948
446319
961549
43569
795602
303586
424108
822893
83472
970485
963371
260569
789767
634809
976070
152872
631493
131660
732154
893925
142012
673652
716907
999578
766134
398669
892108
158938
222347
639670
246348
283966
624460
746577
531285
644707
699687
250207
155124
594761
979857
556320
601578
523750
631406
680640
938262
551991
377920
975910
82728
96955
841311
342405
469603
510966
60365
173033
60898
785720
816093
187241
715431
610912
716909
858763
363121
808583
11934
858651
454748
47020
500482
159681
308200
586106
574161
251806
909048
991868
561318
999480
193163
654512
62072
394138
650778
507373
424932
330520
880114
323350
181555
958228
500150
914366
258965
741185
384536
797416
268420
773763
155025
471493
443433
479861
732655
395018
967511
668935
264914
641058
586732
319799
342799
630440
572896
234868
710176
890328
302053
704956
966714
199912
99462
965816
974661
804969
588556
775013
919094
920617
950576
281267
531676
932175
208527
796008
2702
538774
478404
191185
712482
158290
135788
680069
806250
643272
104715
256940
171152
71801
697809
653980
606859
512925
586211
144381
256529
599706
845605
806999
962942
978549
701457
827613
740926
131799
481359
845878
157015
880390
23729
262913
240788
311714
23683
474933
45048
183779
679186
567491
380811
459844
176152
835828
32048
859397
547537
903454
974059
883918
342412
392319
942461
436700
146204
452857
74655
496861
50532
17824
997907
869097
837163
29616
348802
560970
502549
682928
694136
312189
107167
314993
568029
468012
636195
771683
169300
533943
574846
703039
563796
32839
906515
820025
175086
157491
183943
548483
795451
922484
516642
536815
286570
853600
16242
684792
45059
19887
712898
841522
234158
915737
801546
481263
117650
291414
6287
466405
592398
586856
871338
793509
864966
581978
311820
817487
811715
986038
912087
24520
73875
809161
244461
83234
885310
282149
181747
685931
183552
469266
133800
867819
113071
418431
706242
847450
55629
786099
321736
99500
145457
654795
137151
496213
461638
480051
13785
483714
395486
302417
121361
933698
428540
866432
733793
206618
438681
649826
496654
365444
57396
477981
388234
8085
985287
674955
492390
670339
660554
762874
953666
834708
910934
202923
815938
590135
306423
849484
493344
968857
104243
463522
712573
819171
121829
628048
516742
676327
514889
763143
940936
576961
263184
952388
672830
970377
70657
82122
741074
317607
728782
678262
575960
289501
736651
284452
383120
616699
160825
307903
561402
950953
32519
24800
307698
814618
728947
119359
678116
142411
35191
555967
251622
273689
279930
864032
366115
177347
654564
868453
300101
872733
999982
530321
84673
424098
272746
546068
969328
352145
652813
676509
430692
438655
617850
160040
713191
543326
939040
904488
125047
572710
589629
744277
515048
286338
865887
362434
228032
337240
800597
113450
605908
253887
697081
895293
979708
998072
587513
262244
498210
284577
741939
553194
844575
184384
236335
223705
225920
108030
443104
263976
242145
287949
350220
431032
974260
195558
757354
978904
16980
909502
807617
980487
195845
204605
695597
565000
847939
651305
1061
526661
930592
935274
510691
253136
64361
863628
954800
127907
501931
11859
321913
195341
390809
909416
284609
370903
642971
635793
79241
809913
771024
335927
53936
276981
845924
39437
212875
953155
677201
169646
9127
843671
433812
985932
469641
173155
809538
900768
364734
803752
874282
386585
488730
79089
101344
595245
553844
91592
26686
782199
825565
999828
271743
409576
793964
266807
479161
698929
31860
371414
940229
871080
883027
393183
890764
317663
56875
291117
876681
558966
583868
378468
9749
934534
399310
910401
750330
68846
270533
622408
267016
420632
353590
105165
103255
257632
45056
998575
462186
417580
739183
73040
569216
379826
576818
713462
114117
951100
165384
155928
92391
874873
922999
704580
6529
354765
744610
370799
809389
222409
602376
424799
797490
443453
822717
229061
974831
18897
527131
611125
21600
830741
525839
375122
302628
5381
683982
173849
240075
367774
210497
72400
485821
683158
99331
853185
248067
169280
101485
100275
710405
795773
792216
848062
371440
86438
238597
303597
564818
868488
210171
999510
766947
408539
341193
728662
597807
974459
75202
616366
308608
372065
664345
302961
426312
897055
52987
49446
803313
450795
661154
927832
239534
829942
243250
502924
101023
108413
311063
923903
348647
167175
672550
664856
304165
598820
823445
938525
877002
284136
100561
688678
797923
85347
16539
898808
835480
634630
218276
212238
184038
667530
496199
976864
823924
986153
548959
351984
550319
946611
113517
402630
140112
544510
360104
339148
736687
567525
284263
853148
906306
990751
634599
389204
230353
485409
43605
577395
286030
222100
619860
813352
429692
549290
741267
881577
489218
212819
182662
107620
963604
780842
688585
19727
450722
285099
420429
512696
177853
516607
410141
26450
790552
547065
198019
514297
660133
288679
287217
797
372505
938708
315136
741160
982663
937915
292065
314870
343312
172973
230673
919747
275375
518450
458115
611675
40691
138367
806249
966359
855815
751802
973056
769276
605367
56195
768658
133722
577046
41581
827539
411256
444645
187437
325278
822227
8362
56306
331417
914268
723155
564683
47255
36581
5041
603720
537840
612953
516083
738280
249033
63904
733338
512983
398114
849277
904945
759130
638495
944550
96967
930409
366045
879847
929303
211310
564406
195325
416659
741005
91999
457284
676908
523633
878068
306420
72234
720333
89933
70018
108254
263674
674973
94053
391765
364323
981369
788330
872611
687440
783942
719526
334122
378542
800713
560954
589854
261680
394904
624227
949199
198910
926079
360994
377244
544819
964617
824189
770980
759127
417608
930214
122542
90692
971305
974213
246299
982522
14461
264404
763939
797510
311880
902870
77308
232218
199676
713289
170226
468010
842212
349392
345175
656780
4713
449186
808356
156276
812115
90662
97237
288461
623768
581503
515650
986596
214729
15785
877425
986328
126240
637921
895885
225307
538539
25286
350717
519970
104685
755494
545316
239333
808478
161787
422972
847731
307100
325812
51573
536850
176277
486956
271880
173451
353206
205037
880101
351424
746171
807115
485242
884386
23270
930046
265063
5701
529060
533696
635343
528773
262354
582419
609080
199055
614637
415561
967016
231406
723790
156194
184867
963197
989438
595990
20875
683970
35778
651463
787560
813417
824607
565498
578027
527395
729351
566619
990521
781642
496560
807798
576105
236407
858446
261041
571740
828676
707823
213165
43815
650542
55564
24293
537318
489399
718489
54151
282758
403705
230373
595652
605017
18721
886470
934046
571664
617539
90355
148477
406894
210352
124999
207611
954242
963279
748700
775674
580184
452880
158364
835668
160194
432417
663790
812697
799494
890617
678325
99450
272550
878191
430151
330985
936707
137032
438937
846270
897430
4955
664996
236316
559572
11801
373343
770903
91990
14693
934540
45385
808163
627603
701361
672058
350232
916105
32845
709473
879178
100620
260506
860381
907580
625047
499900
714167
91048
737694
704046
341560
263795
890381
689222
207522
933270
502988
263238
180284
927088
509514
303587
576332
209430
99421
195071
306021
523154
325786
649609
71073
226762
853933
989612
639192
616141
101115
149934
520678
73094
646448
820211
55319
227072
732129
826512
416423
625665
268400
669105
810297
135482
899627
400439
856861
985123
138489
390011
948975
365987
456418
891754
761779
930860
802500
403824
180128
467335
972520
470481
210713
820479
679479
442909
496686
553294
644653
416286
323552
822058
126109
158340
271143
424121
92991
64029
680224
324997
812935
121021
574291
191438
570200
773569
939919
597618
608102
166904
209668
486992
747669
629194
972756
164553
434872
430218
191165
355799
636494
715280
883257
57250
932970
861969
448159
329541
722401
668656
988495
320427
212588
963555
204953
830769
421845
415091
391723
226929
716068
346120
365152
187885
378417
345174
768578
243272
476255
421158
325244
961565
101774
984291
438602
403231
679448
629033
203887
13183
128558
719002
312883
612524
733975
362690
818733
93475
391594
239657
477398
296044
465303
356639
676105
491220
855373
289202
421608
870329
584886
568508
12148
927062
971813
657982
88320
36578
382673
379640
552836
121341
50852
849932
401182
337649
39440
263273
789107
477789
6422
870859
950974
642717
127068
758293
318561
509901
260503
129911
589330
42732
534
548600
766771
795592
562428
387574
517627
872899
813839
107308
332397
781535
231466
14497
385421
149195
345675
268004
865781
842265
114910
320608
370753
620963
780173
970909
95497
287344
957332
479286
236881
654991
417282
333123
324630
579839
962344
97017
686886
746048
344377
83280
807294
434449
369736
26521
426831
553811
465253
656617
311350
494298
867100
88566
459836
403648
562755
29072
319541
56213
300997
611903
120050
378077
292752
921925
226463
326880
979048
307049
94409
923030
427080
7697
913612
818798
624918
523498
836227
223963
768588
460342
795237
677933
597734
156790
226910
485308
69782
199270
26477
270463
910947
626400
401492
229633
314048
718725
15825
768523
528834
258124
623015
981186
52171
330629
216710
363171
902484
3390
443939
644219
970844
636706
669720
51354
600966
201669
317873
369514
212431
218294
832889
299887
943409
547200
713985
548609
377375
802141
667815
674855
894548
313024
845518
285532
693690
224441
297731
220910
695078
440050
603432
535848
924693
870465
750696
348448
280491
916929
753564
594556
745519
204811
359774
151060
379503
85765
367615
902263
940802
984424
945129
854590
440227
211083
218744
386151
955565
367159
934335
123693
92716
799513
280837
253802
752036
977944
495481
512566
631069
752565
12050
847124
296549
936045
666687
795327
115918
650119
525588
899589
847579
773867
506716
225244
231220
557855
766117
91062
216905
439590
856280
209618
710396
525092
260325
835436
762138
744545
25114
4129
45571
527605
652082
137719
711953
225568
997366
207039
156683
830909
640218
669007
120342
463706
583348
104521
979406
448857
834623
12862
626146
206457
201931
141323
249900
518204
903742
742517
200932
612369
336314
291423
68746
203723
886305
804709
109080
221974
477484
558710
951581
21988
3237
983910
362106
835899
691972
331635
505350
617655
995066
576273
271146
548025
535724
530299
294610
827343
986970
308597
285450
579850
539530
332393
328169
219435
107975
364908
502772
135598
778358
957217
469565
757929
855641
866858
422188
923605
361393
741215
351077
716309
210093
559725
705815
418865
193709
667628
290546
497266
315741
541725
364661
882585
561477
865951
320982
519898
933813
781043
695669
161913
182155
680148
896173
305000
950445
65198
343201
936521
271514
367721
225788
273312
41373
409499
510420
651615
803593
30113
764533
376314
797833
195529
170181
77502
954629
751508
661472
723684
727294
808852
439909
104558
615928
573783
971232
52262
273296
579713
954121
979170
621187
40142
804190
754380
681433
974101
845108
993589
243434
846177
289601
431549
707050
682271
246520
13791
335160
136696
384726
961518
654382
76653
766125
980863
309923
134093
456945
285939
845549
306605
113027
592679
724629
34304
42579
155741
237702
466879
604996
162291
409625
39386
573285
774451
713793
277027
951605
529733
182583
344462
651291
371971
105961
620892
30890
840058
695222
665341
327825
798329
910098
297613
516788
72218
691443
898954
718352
204662
945291
692681
176554
296914
912938
302944
448293
542711
60784
942606
882014
596091
486396
5984
53750
535413
941652
96425
754464
930867
31664
669313
864423
810879
616489
215587
639101
87063
932589
690825
761228
749778
351462
713448
687887
91683
326996
497504
896717
858934
922567
711689
834986
607986
664456
496150
754062
674035
163245
442851
859283
383875
434028
173808
242471
191279
569398
811058
267564
626272
965559
725739
106894
66745
966137
338776
930360
487712
407878
703619
458714
494506
895645
386930
784641
288180
802194
744857
799411
164528
518443
994274
293985
388674
98085
610374
614496
68673
530421
51254
907743
110012
769661
942006
32956
88867
67884
302605
193652
645736
258662
407651
781029
27513
478269
466480
249769
678679
172268
591280
582817
163137
185025
98807
644827
403572
883076
827710
591833
832075
762624
76560
275483
871682
62752
14915
213907
996641
265048
791037
138560
443747
559640
835902
780678
470465
510898
757663
528210
648214
190707
470180
661479
93111
846516
457864
570145
526351
607039
384802
837370
605549
157614
251606
61136
99952
810541
964701
455892
784982
180629
628418
707131
635508
256642
240776
184521
905710
449787
372959
368841
516690
619341
247643
691321
457470
743260
733240
205924
874317
487374
420484
825842
561367
233000
583255
90181
492227
966941
958864
690270
176525
620575
1136
258867
830088
51730
502779
337742
683497
529030
164558
359097
410737
426721
72454
545233
670829
845007
378626
596032
84005
909805
975906
284531
795656
995634
939669
367437
25914
226767
594141
457450
275298
308782
734548
87268
247666
471384
750320
44258
19249
249120
363659
832734
613489
540801
321031
211399
716711
881133
369924
963374
228096
243727
302419
85982
669511
750428
305964
353776
75522
852540
690236
125958
834548
108487
457705
477093
438308
183293
119475
104107
509005
489488
650168
703968
237160
805883
540963
518138
304917
535908
705552
641183
383313
516382
944724
341464
970456
389331
399021
15817
357312
296739
764339
796662
520239
739769
720902
767906
828554
669140
697673
376331
521433
816640
725816
234016
61582
680446
63842
398610
295779
413185
190416
422279
641716
283311
581188
113298
62161
911279
95514
587778
399438
995595
793656
606332
154263
58684
478354
460900
601331
821373
54150
907600
732600
473661
670835
307232
306980
796794
735621
511635
579021
583696
975499
174337
335142
672472
969808
869883
886685
120158
1445
450379
700739
782579
670075
386905
586889
821385
24546
352862
847557
597194
717067
269563
148108
962402
966660
551094
172651
73810
629853
998968
718374
95177
470000
119547
888587
26924
839375
228583
758741
997032
633236
287819
542183
520975
513536
310610
43238
901931
186521
249527
100493
372395
936338
705967
623404
632581
927566
253858
169895
83418
251006
524544
64808
309222
73759
571147
47434
136935
316713
902335
114836
703042
863217
451633
31539
858674
639252
590312
62332
183173
98393
987461
26884
446713
785389
464087
151149
567879
366189
106076
411965
348635
839774
636150
950768
184415
559311
244040
752044
236219
284404
246660
152363
914827
767055
69903
800759
662018
183703
584752
540229
121919
414591
603295
793255
796123
607670
928789
361173
250062
838272
313271
529340
336703
859930
838094
926791
501162
995405
717206
487390
983984
802806
730636
436588
685674
456011
97367
767001
275517
363773
267140
777871
625996
999187
492287
528680
677633
531244
74126
994504
364525
577525
715056
17928
646368
236917
690292
736184
429511
794519
420139
737516
752770
554960
126019
832361
320831
940332
632085
559550
400740
646039
3880
807423
257330
88394
564165
158521
998277
542676
233505
146008
336589
16100
583415
266823
204859
320305
10661
4706
527458
467244
635984
993931
106606
47278
319011
539253
732274
455658
818547
917502
841364
900020
453263
173561
652846
988598
773029
847119
271930
358133
750826
875912
187153
45020
482521
597365
711857
627085
218331
705403
134397
469750
271418
946498
67787
363871
718508
103456
322010
373412
969619
606069
616652
660293
113543
610715
460520
379829
127609
175184
870294
442707
194947
362793
739098
662539
342678
252781
662311
457401
237063
918101
686678
599353
923296
939334
487870
911812
779157
273879
312433
584072
286506
356801
445613
865994
24165
269390
945241
599411
407528
611166
223190
101696
892588
755070
5893
14947
139820
358469
237767
754702
7296
383531
860019
339451
726866
59625
151197
90971
353120
534987
565085
860313
381794
699860
814862
610588
862837
310431
508433
143894
864451
844217
689874
890205
570667
801626
75632
440908
126052
946162
682541
78746
565081
975444
426161
509443
373545
262204
923735
302753
779674
693265
12924
687258
591157
574321
378680
233563
43868
652056
232843
822259
201719
382126
424372
675471
218583
523367
928832
251045
868662
256128
961699
824175
150975
505064
644768
970296
550672
731470
84853
816386
773244
295104
965770
425960
165259
805099
146706
137901
134719
278995
598474
152088
330786
129095
298518
55736
921906
639209
445599
835249
677938
714128
667882
982050
632923
295252
203798
739100
515070
530951
652342
368933
795566
304802
558270
996702
320244
950936
53441
850709
918548
339705
354782
442725
854347
709973
1096
288513
148569
482897
213563
948026
340616
429753
391415
58268
884230
623925
509466
424621
670695
319317
469605
368361
859805
778282
289968
397910
580087
798486
508017
657686
254279
965335
741242
653640
103961
54084
55101
186247
147036
72158
578656
151231
803566
275274
92397
95278
943494
366483
782024
188686
554483
203396
936725
825672
939219
862336
189342
419525
982532
710170
183773
751470
691601
620103
208567
68758
261327
602547
757626
823032
666910
617345
454572
933541
685299
756000
703753
4749
57667
244045
940430
631297
137776
441294
996425
863023
139680
334921
624848
9820
229312
905334
453384
772574
898296
658199
856195
659904
421291
901483
802940
495281
908703
353998
526023
768655
580607
32832
491306
958091
847550
643925
349012
3804
136335
861300
662430
41518
645877
114793
921911
644565
804654
659992
91595
242587
479090
788428
916444
41355
776475
251140
554694
172913
792206
529449
328211
88920
526580
873464
263429
353225
379478
30441
529295
414465
587950
967166
354157
507154
169946
625585
325240
650282
304626
84776
898928
705805
705243
211696
582074
62005
789457
28295
109002
827614
88918
366853
626412
851177
619755
36081
653188
886196
310126
211659
213688
552076
835223
560332
632005
141266
813876
986134
693358
275714
933640
171325
550067
660876
70817
588597
540465
640550
877278
871654
255358
846120
455292
58978
714808
241069
288114
907146
830076
573298
104795
24328
659510
868823
962104
31314
782776
381517
511333
395280
334013
715622
986072
70639
680710
875087
83870
537325
246830
732483
927660
728723
728036
880326
944441
217175
180665
720577
147381
815108
544751
295501
542140
742355
693104
427418
540082
678454
990333
794054
217429
11872
957206
651035
14013
694298
607530
903746
838128
576737
551707
468754
922309
772044
178482
602928
632835
533555
864945
130674
360267
442172
968843
8797
570316
503142
388604
941982
986835
68079
623950
92835
636641
436611
630687
628315
287601
154882
910719
68265
275835
303552
898913
713511
869144
796536
659850
165723
571590
356243
182674
884913
898832
880139
697807
543670
679006
673334
327610
776183
400466
22904
885013
281331
728127
514410
998080
404981
174880
70833
405317
581784
124935
95742
334403
361728
576355
447757
650594
968831
823887
668505
27812
648784
503011
931309
345300
763474
373590
410092
761929
699526
305056
751567
249067
696816
524876
474083
671527
693624
964129
498441
15400
404456
150933
322867
526507
665855
511401
874382
182576
745028
432374
252680
609954
10202
802052
841457
407500
854288
331989
218392
22429
696371
45726
591506
195982
746446
606632
54434
569570
427232
765863
939817
121526
280486
491821
484328
361328
121898
618265
84766
79101
324064
957541
386402
478359
420659
730976
380398
896418
952413
27796
334431
776871
929159
748377
179208
407000
313501
144549
649094
846868
162762
370106
568942
528958
856688
568445
21537
644642
897687
237520
11064
282900
747652
816606
216431
918018
933953
7911
897998
630651
141755
955234
791265
830499
199523
589813
156299
133606
392727
912466
244299
106951
543709
481934
897321
721775
115363
250117
955447
923182
78040
52087
639572
891564
43883
370251
79097
468700
984734
108696
407131
245756
993865
70932
136794
176240
304872
104142
518804
177696
547113
648453
515789
996190
194861
554664
456541
259617
548736
563741
50436
153194
99460
981679
27453
649015
648175
383356
807166
904276
766850
555230
912850
738839
683758
258686
999569
204555
277411
581466
321688
661073
234332
89725
9445
276419
870814
271915
13711
636990
151621
319289
648335
95106
981345
894852
592434
133518
215638
155517
691105
173293
678207
295272
74008
252047
878682
44735
334615
472524
137619
99190
943951
308204
91152
9997
834827
613757
110098
866979
899798
62603
93770
820367
617512
94191
2330
882458
659753
397909
880860
995209
302674
351909
253495
418181
350814
907266
31343
213160
465192
379167
363064
555411
282148
450237
782061
877370
266712
148628
69944
916827
129422
671392
759685
137072
544903
875315
4862
716337
971795
1685
551058
519917
156500
697144
585485
109748
627726
510071
157803
839815
937279
890317
236850
434958
415674
544649
386863
401463
718699
297259
923031
776444
229811
1077
211813
992058
188734
523125
118217
692775
544874
74990
31360
15462
525392
427749
598853
378167
722977
910170
123484
172914
452446
346210
113539
141463
495036
236045
557471
416618
950146
895406
276314
559994
100752
471410
317066
136214
922930
834231
643679
444657
738396
959919
734957
202271
121462
219536
545864
572422
261422
295996
194313
223052
842360
335744
735341
609861
789967
440634
821969
660899
777072
864822
837797
796117
82106
91370
966180
940594
834794
51890
754132
238289
360564
513674
964516
466675
448651
975683
495710
641577
325979
699075
409754
43743
986532
866414
268698
583007
666060
750658
621197
544092
190426
427507
931216
435054
913237
426580
887457
5912
196826
944765
17627
828599
83628
398011
938641
392915
877087
822082
234255
784273
359162
541495
439745
376013
47177
960329
797885
762366
701572
874696
475669
805896
820895
659501
521087
222180
749096
886206
784673
232511
716192
657221
481769
678407
529167
33729
711608
574461
650005
59535
942091
890136
579475
148104
101393
951292
325098
34992
170459
681108
983972
588447
179230
801037
688839
373142
598909
828246
561276
446236
671627
51162
528453
616698
783165
900405
460123
288173
340960
418695
858997
517905
695516
858558
139901
843196
160036
808300
806063
91194
220637
624965
905088
157917
237544
585141
735208
798517
684530
224735
427659
705617
100940
148322
929807
921664
687280
163782
205723
975265
898642
950951
225076
46020
254008
434976
929970
845182
570168
436644
183666
85899
316902
136998
37508
569409
385038
249209
60227
425783
433683
926594
293822
576403
581904
212153
823775
798235
982618
584065
763332
277720
569672
146038
168261
240426
213532
131583
821547
642433
484112
85012
532961
533712
860013
116816
644435
91589
628052
575092
816694
334239
24802
712210
572295
475468
61560
864756
672464
158026
713346
232128
591514
286431
62367
189414
978369
554875
619533
831953
680683
910078
63619
286316
456325
276511
235344
174236
877057
29439
665714
231761
191242
905477
512383
870881
648190
124932
134906
951560
928333
579506
516781
415190
822237
554565
136477
102344
81210
231893
977661
480997
524716
965957
16692
68300
135493
298799
426002
328915
472785
849837
281332
338143
548601
278038
352643
342551
147917
77854
670206
223289
566962
578236
221711
201945
50989
80601
551410
463489
579085
213980
987115
107434
439765
803683
295243
202696
465751
163692
615606
324733
137739
456426
395907
508955
510563
954453
223192
801249
666023
18727
742755
202494
69112
412741
97650
530125
890786
906397
562317
432836
230150
878858
759345
647414
617024
848258
398765
83047
288264
9201
637113
409218
827109
290813
825418
98974
372907
793375
838115
918763
687996
229436
488787
411995
806240
730585
352387
686488
412221
670091
763688
134471
795144
567693
43981
329422
539421
331315
414255
269271
912945
186286
678626
874083
618986
135013
78495
622345
112446
885694
206019
111406
735652
854472
392477
934381
766406
208204
251540
435165
276021
583177
515040
717746
779254
979032
256567
361906
76066
721631
489755
265592
232571
309011
670663
545245
185441
607102
285374
425339
815342
659809
908432
966034
940798
168053
880937
792593
838574
897238
736613
296634
22761
559923
637525
671411
965556
765806
898899
490241
209930
684779
381918
609987
344084
209
138255
701127
478294
631661
727162
558181
248466
573728
121950
778898
222749
536247
194640
376572
784774
304075
365611
796590
553022
361547
223104
808187
576564
385445
985607
654035
938253
53302
72384
873918
67774
800171
189933
450480
554028
208164
375800
515769
130288
478159
442484
704170
740295
581224
69726
244584
748022
823743
353666
957928
10129
478300
902103
14821
918629
26727
225282
446901
722654
941631
452790
775254
326787
719093
553476
298181
273147
689671
185142
632405
181351
690790
454911
966683
470176
798153
995592
213026
162034
349753
690404
550684
83865
640074
121107
268257
197485
254236
946098
11648
527346
614445
508243
213277
845997
637374
144904
217702
947012
275980
561966
910892
166250
103196
604416
26721
158349
199
848987
928325
215745
923648
942841
9880
76343
200090
481625
431532
158706
961531
678069
72418
675278
745585
790019
736988
192510
885986
97707
546613
914571
27592
264470
400736
930722
38677
140264
518886
363815
73868
796516
784298
176282
151718
690273
401635
207467
344643
1036
682355
749298
960334
392356
381562
369141
648101
609363
104698
576324
300907
137522
858939
665857
273113
93693
399294
119114
320698
771252
257397
722091
246937
496117
362499
754064
948371
866206
866507
870969
837757
993323
345993
187465
621666
137480
893408
739213
21454
498705
255084
894550
742664
196986
125435
517676
11407
702980
784363
264527
200378
569763
420481
283235
271085
780253
641926
910206
929933
291193
719014
362568
845673
843789
582623
418015
693067
462798
602618
427482
789646
618030
553840
740068
463913
613682
961495
255472
1318
799939
521765
573429
234406
532675
256800
258874
774600
510737
909280
556784
10039
176799
69224
607462
509182
852857
770825
270968
836842
950661
18027
225115
923589
902337
35808
251903
289437
689921
349031
472233
786572
678181
880216
368052
535919
296619
567707
947291
372863
248391
354908
306576
481409
238372
501111
39082
819604
690071
585900
384911
675785
973095
460796
282573
157141
370412
685913
492062
398696
949781
442345
437135
368308
193013
13860
557025
287513
838588
212839
514931
217012
797162
583228
187834
142252
460642
547070
946618
664692
279303
260631
580253
573425
45169
397766
266858
940411
633840
7864
392218
656796
974547
198643
358455
159688
311281
176016
28787
492751
261475
808301
725659
45644
162415
717106
289398
165916
609555
617248
639076
814622
533118
938095
800348
667827
64132
256564
500144
146653
712680
26956
135535
18470
627053
793424
927356
621203
963105
730421
463857
368256
710972
656329
364685
731772
82080
690342
537194
764579
745170
116520
98060
660586
837466
108290
990826
92062
502470
538181
858698
413246
431606
487258
441703
753897
93082
776263
379200
901057
531928
942421
731417
259104
80995
80279
245085
433134
90096
647987
53511
535440
366881
953104
341669
122377
832922
264219
279024
699140
705445
502782
462794
387675
608463
235411
716069
447557
828022
528851
855725
991160
275209
858049
592837
490050
916776
161239
627560
588985
623388
504680
36737
340392
522264
928052
963049
739534
281033
142630
240824
330561
684619
757866
728671
514240
484623
637486
740517
167748
177993
816184
314816
568030
384182
631213
241211
501668
144278
555291
122468
85188
414726
3315
233805
417011
210842
784833
630882
507346
812268
951658
256738
313155
880507
744181
714531
965795
738186
258488
489302
985855
347513
895786
73259
982924
812673
325449
162131
699143
775978
916207
537712
581354
569600
316487
794741
219427
131733
290383
683761
774080
358328
789118
946993
734907
676758
156671
648844
583795
332992
528126
432668
102822
239583
877251
192327
960761
168553
564261
64678
590250
7527
784358
675042
709322
580100
254108
123821
636351
907476
362350
978386
75647
798444
370224
199541
25580
478794
194841
441201
54597
541160
125989
323320
857101
218628
355391
266005
439970
980108
897923
384443
17437
991799
104417
920180
218466
480478
146268
89960
719479
391394
521813
413024
185769
754284
548621
667682
184146
454284
268220
168639
490020
235274
875777
711284
94248
770882
709063
934624
339935
940003
944873
541704
615207
135501
903139
315160
340661
196723
456328
237214
182654
254140
710610
306100
156750
869117
903748
753249
89068
946728
753241
48790
589729
879010
810678
923713
375853
315821
493653
581785
448077
150965
118346
531222
392890
57029
858968
567403
623894
187630
553503
148347
323813
215731
704295
447085
770187
307162
551098
744120
793267
640176
483839
597930
235081
279046
505455
49462
277388
484886
393128
601061
476017
416342
494549
806151
53042
888660
637192
292051
475156
374641
845512
498117
152037
69172
585765
35079
656066
495819
135930
219253
332254
442531
831781
203431
33903
817156
502486
635074
330030
370295
704635
512851
817558
649229
129451
821253
384242
259205
495564
499060
351042
224202
397387
257251
43813
707879
839410
158146
559008
873459
519932
842038
701076
689717
96485
494565
801264
41072
490638
329062
257169
39302
572407
6704
221634
400370
340678
411606
707547
519994
362378
982219
65110
625903
799764
162369
260778
297985
118549
757800
374195
860378
800578
232632
493401
887291
183238
306588
873957
754432
857769
517838
628341
163772
58431
870550
734701
699119
398071
615322
33220
115609
599507
396239
541782
814530
915639
727648
34937
680581
835389
1655
359264
107819
863821
743877
695937
830358
853709
797509
343141
861357
331899
446033
467877
351422
544288
836692
254861
831107
939866
195708
168458
697715
879654
401006
108674
985591
731860
996355
810705
133705
516111
890187
448119
726031
34804
901309
476437
681941
755083
3968
157414
260528
868711
898634
790824
140508
613293
987431
965953
389619
566782
693110
915463
612689
811253
212462
885254
240485
145394
392933
381007
278689
260963
373974
261016
801168
264542
630089
566621
354463
54968
438367
174136
136035
431285
791414
78522
613022
577968
986479
264862
241623
926351
592845
637867
407337
588440
754867
99671
233113
108315
171472
52687
483040
434290
338724
912947
515385
203440
422685
415894
252508
301984
213677
331901
959350
854127
580891
763436
375603
356003
651347
209678
260199
27659
973773
332636
35729
600241
537490
422997
175448
113832
172337
92066
410740
512685
309776
509792
923088
244640
216149
663231
395849
145226
879469
446573
336549
591008
758777
442064
867972
723612
992192
56239
304952
390704
479107
385006
471452
903842
344384
985288
517444
684150
72197
123949
690459
601830
91549
57424
238367
240088
360878
571012
871665
969457
862006
423240
833075
457205
427256
363455
811212
442996
832878
746734
799771
372459
862820
839597
332170
418124
943585
611465
317597
508534
69168
887111
472420
596853
356534
238819
929165
884167
726822
728794
72933
473259
373112
839367
854286
601214
389125
883736
755737
15045
305429
451043
962041
196800
988300
847794
962501
125576
78536
204786
821090
710284
295762
401712
328828
156915
350800
321038
409727
462034
829735
628463
972378
98341
137646
6265
993385
396051
206947
742451
965656
241299
814261
809572
380420
731260
978660
28242
369108
843522
827793
502382
717162
420053
49306
517164
7053
914270
403379
880499
129426
649268
82720
945001
763424
738558
567031
277394
758750
353644
478464
489949
557329
383294
349288
120458
392289
39527
541324
188232
199477
521114
332180
449556
275150
117811
208693
966270
4947
445004
59679
433112
431920
784115
892977
958500
966538
348444
262199
693432
645575
955076
205066
720827
580853
363181
253723
162564
58781
350416
276449
60838
575424
414144
164228
644466
107368
25255
155386
928250
284208
733508
384592
405083
225399
757645
131640
586312
461915
238194
683785
823315
925412
741619
606831
757649
927347
748466
715982
284971
225156
772198
526664
551781
647401
636595
795060
566503
912999
796406
748309
524636
880023
619604
531208
686444
654861
891871
563844
916944
625458
453209
941980
943750
675989
660373
726308
166732
250696
455078
760880
431123
685664
275419
142581
934418
305423
619215
672503
950543
262159
222217
417390
609507
120816
702444
823512
621833
925394
960760
687265
762683
24551
702108
540529
290385
98681
74584
525052
539247
432881
312771
878218
363597
659149
154902
991653
298100
269564
145823
270699
202143
662511
248406
621507
301126
611492
301781
659117
172415
908520
901202
573167
899297
47682
161678
359392
479787
122552
203930
95156
915988
157586
301180
881128
124284
742844
202003
911429
477676
127094
848503
588195
183956
385961
245872
871883
772596
746144
15781
653679
727286
787425
875884
452214
902071
526168
699170
73899
970921
621844
616649
758115
276765
159581
119942
588682
686706
451987
480431
880816
556070
949651
315114
73894
79074
732181
844214
426171
316914
394284
522465
343871
161928
36358
208879
504038
771146
741234
127307
57859
333135
428943
464605
811939
535881
423116
800610
932844
15075
777750
673258
729787
619007
7107
732593
241393
530220
788778
694386
708954
524932
39776
273231
370320
37461
807415
923474
11324
136968
357409
588025
495045
567136
179129
530762
269412
709693
455548
707427
328521
670983
164060
446913
451786
77627
844590
465237
603046
526192
651153
164972
413749
168377
295901
343513
220698
392213
21517
648572
135307
948555
144098
654019
371849
514521
335533
308202
477606
8810
396768
880006
153448
868756
188988
692618
423735
558396
491542
684198
579238
706463
986062
988795
559154
112308
989020
313748
59067
585104
342884
908481
791193
946897
737150
176296
192311
865832
224424
1945
736900
990743
525134
150033
157546
972471
576867
881059
21056
6172
716642
847845
528006
930086
642589
665975
569923
686906
131951
83614
286262
877194
328650
547687
72188
992579
819749
198391
911142
346365
470450
423371
165478
381646
300750
399222
63657
653104
4559
756834
97969
283098
605861
226363
605982
530901
757357
221975
641827
148463
871378
104934
60064
95419
809279
632229
191359
787949
462261
412147
980962
28049
596944
981526
76537
649747
919590
387142
970299
853273
553099
67863
864195
537356
797288
816963
500988
130924
181684
445963
609689
180893
295065
791986
691089
78100
468687
838614
355502
101954
327181
760182
163521
734537
956353
915422
543818
374785
911823
351739
499554
688925
220586
857992
953512
707803
126853
631749
291867
546454
719836
82699
317889
862132
188411
124501
897191
807212
156503
503563
519804
56551
552186
748363
686079
432960
271532
536947
886421
598518
41010
462181
764388
615275
422155
192256
221355
403930
174642
644422
994382
626561
169090
447012
254258
137312
679262
133025
901193
105082
262250
677473
752730
875535
891303
498946
546026
315343
93813
471423
353716
642976
585156
306970
347178
433848
733013
591371
785894
275018
440074
461123
227070
992463
181169
190202
491649
30380
407341
278110
727586
449116
888409
119932
869425
246994
401512
34016
793484
428765
19137
866564
60070
121387
173379
437821
325668
212935
925567
576982
758648
546846
636107
234899
667748
798145
892784
394966
876839
92093
581114
645362
977342
690715
89354
979362
710490
133930
272781
631538
325467
130717
665656
968315
236298
422313
844569
210277
699517
467404
517200
942579
294119
968247
865577
895602
64855
355457
127009
284588
87762
233504
624970
152620
402
334800
392005
836548
530442
737376
491051
326114
294931
431631
710682
704062
318140
156381
918547
774648
295604
445329
750567
325096
470867
403868
961921
830919
538232
547518
501811
875469
475565
508276
43515
520855
554303
399592
751468
492075
576393
24773
70364
808945
754546
848666
667350
430476
766091
267023
709082
882826
326379
681260
918651
365333
928049
998413
842880
90489
406239
38682
181864
732226
268604
632692
971016
105926
772655
359314
774128
59347
232013
947683
220287
903622
652429
558158
906155
134752
579383
2639
45943
236260
739224
389066
825498
289570
450027
213308
733314
825976
441109
343334
506935
325428
442952
177210
887593
569356
726630
497382
350806
424606
319597
717768
994482
620992
648136
27636
43445
76009
4403
77432
223144
136739
579549
717128
966232
142643
827929
258239
734858
273170
51851
597356
465449
284350
988971
656131
34607
796648
9736
763551
379104
541589
737755
177151
118576
376991
353407
132846
540866
983164
366944
696015
55383
204272
164514
259867
156751
392904
429491
692530
224771
945842
176536
710045
464105
694865
148145
395414
189354
263538
69688
285896
755740
65671
8008
698433
437017
785432
267379
787480
147108
378962
747786
837952
331352
154720
994970
116209
787293
156692
162724
752545
746179
639331
699783
64104
502491
818813
156942
888740
118423
913240
156893
393461
304360
527623
254923
761490
778512
924008
136026
495700
609457
304807
96435
808210
653872
577721
477148
25414
517626
187596
655699
143139
174567
127831
684254
37480
333223
249423
726945
392011
918433
207173
183274
210953
593571
426703
421934
51913
631829
932514
943728
824401
524879
815447
954182
458791
401657
82
77191
266937
369568
444864
398925
381812
501441
243507
745557
185681
781104
686433
669065
508392
75338
840129
22092
402278
747222
401081
236511
118894
32498
990998
374815
248138
516449
116514
710439
363403
556385
694902
502705
157183
831238
553933
482830
48163
51924
95162
407832
926069
477857
86840
294365
427770
531015
907605
260887
464404
994641
698171
701438
441989
419541
737683
499419
822640
74531
402581
728721
38702
445948
42838
557320
852285
555419
868967
731735
489806
940025
778496
88279
155864
563354
230712
498903
598245
805719
981315
656490
883965
232710
226611
982860
399313
748908
886691
648107
555034
904244
507424
888107
953352
166158
82146
792474
181827
148567
191457
787214
906854
494741
287446
313549
463116
298962
289867
285903
623590
916210
615177
519637
300308
762252
294297
547108
181509
49388
990375
867226
153918
421557
231750
886026
920624
329609
217265
748081
981809
193556
404349
825124
716643
192370
254592
252973
669023
352355
135740
946458
371226
538513
941010
9818
665002
490679
132361
674340
665927
728701
510896
978401
604189
4659
261496
546010
992559
363887
282075
285404
202585
159346
42324
246034
138252
338671
350068
866706
175860
539602
526236
506735
560301
216449
617679
23494
151597
97322
327928
124318
416935
764127
678139
874009
919230
620366
82391
908700
130389
288096
938203
296944
759088
898438
81694
286526
137423
722421
837192
399870
377623
687770
122211
893885
38796
987060
945426
361139
558727
364335
463134
789070
464641
367768
937147
420252
113604
320449
915147
567991
84856
806947
393400
1364
418101
754281
897089
347586
639413
216843
401430
700268
604259
451088
481049
246477
635613
582960
121391
897308
203969
599684
318383
928045
567257
339163
448350
170453
855579
932944
887885
473933
711950
47411
854961
10083
583634
767244
401382
31663
317716
330070
832727
730842
268203
75916
553390
550716
487050
112988
422019
440913
894790
595728
805206
341968
369175
761722
656416
96136
995498
100182
39126
398042
63750
470425
941838
422649
379066
45480
147565
122543
292344
818644
237055
724217
687982
527697
316551
920775
696698
99785
18522
680534
601211
822790
110114
958521
483387
523900
469340
139690
903326
614274
297690
525990
192300
507898
530102
244548
91213
877722
188534
301735
101942
658145
66627
12289
26742
900294
651293
289716
958682
955773
16639
701704
631074
835840
815590
447357
288474
769885
297151
594416
501099
312667
783510
341232
282168
874993
60292
62531
771686
134428
146823
665998
718285
145172
768746
953563
281190
818200
880804
413375
458041
470245
783912
624813
26476
812133
854036
715176
185034
215463
126917
659402
960257
261968
742763
383914
940290
538995
119792
335011
616389
21514
792411
953427
317277
297329
337580
437784
994295
690792
730284
795394
667683
117158
312792
605859
648466
612844
649374
133495
640334
556929
32088
596863
170102
13380
192372
952595
376822
703928
622253
262209
496381
417442
675654
209801
594245
474256
100697
302431
761949
928259
671033
683666
304726
418875
99670
926082
712334
274684
623122
626023
302771
136649
151440
298597
217902
744568
409220
234370
681873
119075
667303
722361
833648
639757
486241
557520
286297
380787
836479
221336
314200
848687
905687
120381
928021
684294
387051
353068
745448
631974
378126
684383
485604
757701
199970
528850
309176
288102
391327
709302
715216
869002
896532
107412
18899
259426
250888
864856
516326
27058
129681
371949
172546
658009
873352
965153
696946
23589
934491
502989
756933
939673
853731
628256
194437
285264
126291
685480
773216
129629
49657
562497
311868
63605
167060
7634
868483
469055
586969
835427
445800
174207
441311
940421
816930
936700
887155
138204
391706
166127
213978
823816
197731
723344
337169
284565
3680
199025
960887
895851
5280
444041
993339
439625
332088
629361
377133
756686
506034
952653
883233
548628
825265
700438
353030
931269
422692
323374
901857
869339
444390
80342
958403
452221
883436
748527
405984
35947
374378
803195
406626
266206
354036
201774
429711
785918
205109
67746
998
159537
215627
125073
744870
605110
420591
441884
799845
111420
964121
458144
600687
407027
324672
812507
348235
117401
253294
713186
980360
763954
496350
439692
629774
411746
578751
122628
346476
238529
20737
645530
931860
656777
371611
915880
577547
123309
251813
936761
516381
666863
958761
526610
486129
614425
215847
848921
80872
610213
359563
963001
689865
378683
222962
568546
523477
218905
755768
10103
703882
244726
634044
579465
759228
807957
343593
236254
45420
603657
718229
289776
635760
863670
797290
988187
932381
12276
597438
156726
492733
492873
620044
87787
386052
863049
878683
710672
941112
22045
953993
620779
640874
188389
250624
534816
65039
653719
311549
364530
101773
294161
43735
281929
424977
391445
615096
510546
766006
617593
953719
576507
488055
900622
271169
431826
947695
920170
125993
965676
719527
957336
644146
321829
395459
178471
321652
939264
795786
85541
825086
95305
882697
41715
31376
576205
840999
251674
505537
340502
926262
327458
480658
863690
866056
29050
249689
729832
650394
810356
308213
84708
467377
256070
224360
117298
729691
720362
917474
980588
865372
474815
816870
552626
11795
216458
863695
113681
995767
223851
727657
626295
293957
3495
34576
449623
809275
47297
473618
445954
595419
990744
322820
638396
425317
368323
648713
330716
117286
95572
979208
970896
501924
677222
936737
503565
950219
860876
395100
233228
599723
449156
939203
374797
880341
419914
962215
115730
607201
94524
368694
174979
386399
924107
966461
521184
986966
561145
104238
658658
154429
358217
887495
678658
691398
842992
965628
400724
343737
152414
465491
292724
661566
626841
262178
891109
114507
689774
201675
747846
24906
55720
774244
356061
516470
6455
929991
246956
25139
758730
7218
33530
504723
766438
445602
461409
902302
762993
429851
139846
27753
197718
831069
950990
761
631446
340512
641535
799172
283894
54332
282369
720744
976601
998715
540727
755624
161683
584957
532737
266043
259977
200806
998537
123824
845087
505750
276384
730287
603490
227466
322834
467500
81059
680119
643185
952000
133597
619951
171113
593013
458748
98975
726803
745975
425223
696970
103953
210449
113190
410194
277825
267517
616591
933818
596707
402129
659292
989209
232765
527871
776850
88902
447135
975034
306151
323944
723941
424282
987378
197318
219568
846178
671990
687566
894442
847364
527534
345937
655296
406495
593730
893311
143474
282386
363700
818643
692936
270271
601746
489632
388428
358887
729543
781890
693391
877131
540119
445699
456014
162327
802999
258904
960450
579675
384076
493065
725858
959395
938721
466571
409343
208725
742687
638400
754502
872785
745225
562178
208260
24595
936115
607753
157357
203727
443432
997923
500808
481817
476605
126298
476141
902683
842931
867028
547674
277414
842768
596810
379250
199981
445759
271845
599660
492185
528467
430821
577957
494216
778780
919980
571671
683616
380975
712514
382909
309264
785701
349741
343471
337823
662120
32889
696495
493763
169521
948479
647779
456405
104018
677261
848517
969051
856768
23291
108299
353519
719973
127809
6753
258984
389976
113458
345930
919867
99154
4507
562559
289087
807588
70950
1972
106616
654597
749420
997590
234589
229657
218848
835423
457138
854930
523670
806968
805185
585543
844628
763292
886522
739325
74482
244718
770452
5601
141214
664885
836527
230043
670807
707233
510840
44448
555428
921712
913211
259558
595414
961695
403518
164941
957785
540714
959948
179818
600697
446560
108512
11559
135110
68646
916540
574403
109803
906417
365429
478295
291604
775646
70074
53288
649559
554289
551719
283248
196189
812401
317577
70149
230198
636891
970405
139395
895434
472702
257760
47074
804744
220703
951826
82839
307865
226564
875842
322418
536301
972885
815874
802483
436402
377198
614996
999029
38063
999731
502105
295009
731882
788868
849549
908405
918463
606986
968370
172582
647921
188891
639806
852466
165232
446298
266509
975268
821655
183469
891676
989519
730530
761567
757265
491774
199146
587714
170972
747258
526060
260919
52188
337279
969476
105337
237929
412258
197806
214637
243967
637803
141057
318221
336808
399502
79867
476089
902497
793278
90976
542032
95680
351794
936030
263167
678840
703396
549310
593589
133172
656155
732536
169079
137846
958317
443807
707922
347097
703431
273852
117652
886321
849402
615030
840653
831502
52642
668796
723841
28389
129739
470949
632421
949163
949486
298747
760572
973925
802098
503097
560637
39239
738751
904081
497331
774205
986192
900543
293591
413223
888395
174693
160478
479120
780811
27916
53229
626598
542409
407408
830118
59297
582860
807843
378001
194345
868610
389009
905979
158136
15873
40469
238277
866589
147299
91420
715303
897282
941542
881054
99752
124904
812463
512021
406086
148360
719974
600824
959651
374407
877110
659623
798311
829418
420620
6052
200359
753886
209450
716478
299139
537612
552474
786084
195574
339447
420351
491451
547899
366236
818985
763308
781635
745782
1406
829073
652152
379257
619390
3301
55482
540872
624781
882734
324892
427804
647635
158339
14454
397344
821032
348010
868179
622091
188854
733681
638549
388960
340652
90273
249789
203783
345506
449701
697361
936361
582087
437767
386037
887702
908788
881771
529373
967018
645176
44150
782594
213538
410358
33424
706423
833788
708938
148047
755371
239787
38516
457473
358075
89457
678751
464122
190167
545722
334455
520370
574932
757000
661384
190161
597823
18362
740787
781514
894589
375546
281353
603745
815750
894506
174960
31421
751219
413796
202883
798721
255956
405851
849114
476784
237372
762258
349943
843608
689654
914812
538943
447657
933510
386395
922548
186217
645368
806918
733802
722316
477012
957271
607446
712721
905662
134772
368786
73837
80332
157167
833337
882972
350212
812891
923210
361909
639474
493656
731741
31414
582887
610319
419037
895263
823386
552029
939419
276957
413019
720881
651243
485482
303006
422871
498093
834589
923566
390803
271140
989023
486753
81626
492036
348609
295592
808438
727088
756833
996730
56681
771420
670407
574587
483295
241052
719768
889650
820535
530662
385523
997326
234973
1444
500134
689
582657
115459
731488
279974
741431
440013
280062
119337
615736
815445
664342
843849
383444
703317
289970
352720
580426
933825
704060
764742
503501
742859
972082
251195
115046
596104
310192
412360
888357
177766
942806
174491
170454
254395
364079
985836
334482
296365
624054
24042
804418
198835
678537
622339
979408
95611
664743
578736
306664
789159
253243
866017
404828
534097
242018
488785
959274
74578
570275
258228
452702
734289
397794
752245
44676
99226
631748
826745
168374
552884
568686
88751
795859
288041
792569
458059
263215
944898
574907
182242
569555
471344
687475
978488
251200
168847
851559
772835
89643
570224
710309
712966
856627
750659
60185
568252
484436
2601
681651
760523
644743
207861
935273
28320
688019
705700
953132
960942
611686
682945
2922
339362
669155
566056
600720
812049
833055
497540
998134
820418
588750
567186
355322
695234
294230
839495
711788
797755
956955
431142
633149
918719
100319
658529
175264
164901
566194
42054
626553
317654
592699
146498
383340
992516
990746
84783
375480
586774
34081
914462
903358
412855
255513
608083
361767
539605
54644
794383
146807
87220
835126
408643
754568
881297
505382
573386
578022
214596
574898
914198
569749
962668
431477
772206
968590
550514
705548
650620
760463
194914
15869
62101
525439
483681
313017
71895
546684
509044
782599
459656
294588
998833
232024
664594
225735
420177
264082
362203
826326
153046
309583
572888
947728
957590
910302
211967
396342
937571
238695
982528
469215
466944
431972
413527
937993
932759
184023
277550
203325
646335
493169
410306
239458
610251
370765
160977
279373
332105
99927
555955
983778
677095
615187
259625
132802
277007
353337
170000
837425
289069
479948
779616
994636
833094
330167
69008
310787
2762
571591
130555
934207
247791
617473
701651
75679
253610
253052
357348
557617
554003
46046
22580
904681
714101
467180
982161
762576
444510
808088
726059
744475
745850
982548
160880
587248
220941
432234
268084
590138
499399
481276
862675
163768
324946
570458
222270
634675
779020
500768
303404
405971
711397
922644
651479
682353
405257
674751
109988
853813
436921
280152
751234
266333
194392
820651
300498
642903
118778
258602
550024
997568
96243
106676
488492
664333
153286
780951
242951
493155
463119
537148
515877
298216
74650
149046
517283
379109
644264
241552
114328
675365
496352
390083
384665
69897
455645
774591
874452
8240
425043
492127
984868
789148
206385
360835
129276
900732
625466
309862
903725
122294
987220
741425
2551
73749
568796
441375
50333
947111
745802
789755
437655
879770
608439
957261
816436
124706
686338
105017
896571
875516
141145
543566
57241
16275
22998
47978
319216
479412
295407
416980
842162
185946
51982
655594
607619
579984
634465
652197
701067
386696
975719
877903
550856
721099
895937
697517
833340
981560
948173
451593
678517
59769
14860
156921
544935
992280
305430
468609
469235
234799
63215
745729
143658
156288
269349
82943
439638
531935
964052
104313
932731
577327
14575
15448
12323
460753
472253
522281
429864
625023
746511
254865
130914
679372
429906
53733
495510
654586
216296
159125
860060
474721
630754
179360
469529
558749
171387
358561
297356
323322
680068
659596
104373
607745
71328
935074
113358
522957
974522
908069
397564
158718
709253
890728
648608
405191
789458
390009
239694
656511
689681
244157
137351
202451
910578
635420
424924
65239
988342
173675
563288
798613
434570
396477
609002
625024
808244
860862
422774
153147
961818
219282
254899
844365
100228
812618
634469
855317
885380
862410
936976
12146
110769
529872
619858
734639
630627
240762
347432
638501
679632
692122
741966
76049
918500
547246
348862
284920
101370
809090
213584
372553
817416
318699
220711
628057
34716
613003
193326
546547
79236
875308
423636
863123
482216
730511
197524
370712
338388
495447
169450
183061
186090
402583
939924
257579
79874
207510
337269
979193
524747
502208
744906
830058
705221
674944
551008
104630
526948
750021
251303
971658
958647
46887
838417
337933
217080
609113
756378
178756
704048
444128
111316
867829
141743
83854
324459
575199
13351
964077
198488
319778
421344
562310
492123
372829
418696
582284
525021
416973
137344
421800
651041
183789
56937
671516
685365
544988
55188
608685
855988
957480
499097
881267
777031
493142
14998
450980
603352
551258
276878
808066
838415
574212
432956
643310
591174
145646
692124
839727
32257
929437
744651
217566
925218
83366
209942
192188
709867
669717
459234
780438
939009
996606
551468
349381
912711
102408
833113
316362
461351
941345
697222
404106
233219
645277
233074
98721
55555
462914
270324
16167
620834
640019
14780
255400
845857
799342
457279
329621
277011
829726
744205
419903
523407
137251
328826
826755
250365
45935
83681
567439
848978
618373
429580
953843
874032
204991
684287
489561
823764
981316
574717
234597
296894
349287
192624
378480
66462
750072
587872
26520
377516
425956
706209
86414
768138
141010
653801
69068
57030
781863
322709
369700
745868
952145
473985
37969
996409
793078
646754
886797
546639
889653
808318
764510
95189
398499
802513
819342
469453
737501
800314
912338
442815
620459
817557
15409
931109
35575
573378
914706
9375
64093
636589
397690
131873
353789
646823
679125
31914
250199
642770
971461
844233
689845
206241
138458
273434
596063
412870
926485
954810
838287
164035
10584
760787
150553
571060
556421
485908
284790
963440
627127
231929
467788
241903
722374
402018
635759
415274
460617
141460
701801
42051
578767
783145
953031
762920
322207
572014
511796
222910
907681
762022
614960
68778
698919
436327
180639
526545
613154
319386
129251
222135
16514
245090
971315
901930
484820
782002
300099
482096
546814
423422
923187
72674
382948
578124
595368
68457
710228
257007
661972
751057
583821
402837
628373
685544
486507
954894
64931
519806
17794
381387
405891
544329
867955
703193
921868
978019
238739
493058
980000
16063
174691
286980
979159
698638
236651
405247
516660
627613
297806
930614
59702
469787
785541
915720
375674
364371
711072
547423
982225
14329
438092
142142
92102
785092
885255
452514
192261
163895
664003
542491
740586
276116
99602
928435
541345
801059
989405
593717
552497
793812
956137
53788
115761
530101
288087
324650
158047
75967
732123
962582
807290
167302
309075
498303
896156
765674
130248
409279
488320
297867
993338
390537
376321
294337
13186
57945
209982
623276
727769
30850
118266
331139
851685
385496
3293
894358
158381
175826
424838
476765
400300
26325
182969
665519
245711
714829
387399
315879
398280
334010
908667
189613
105228
816085
459411
222512
309134
985473
632054
980721
30116
752744
203939
332773
95178
3817
635559
601005
709554
686923
135799
496616
262878
688694
404840
841940
916461
272358
219614
492156
389007
821792
813336
371098
341199
358659
380441
615129
936316
294225
547261
854596
772023
151528
464865
795633
770985
802380
483773
51926
293590
807801
298047
538645
991894
475941
26776
853268
677892
241461
473848
893041
711295
745121
349560
595865
475146
743282
169961
699509
863831
147650
832845
424200
997764
624844
528536
380347
799870
414737
205559
693544
225987
484189
41683
275939
498298
708440
933895
794762
122789
320853
352757
724868
713010
552096
790249
81508
15361
183668
770275
946342
147064
322193
643654
224623
128296
272822
162233
407264
293099
539909
706614
805751
300701
791739
673162
723516
816774
185319
940599
686266
925511
578649
595259
151553
10001
404586
785939
723786
370870
44385
38698
796714
308373
587416
715879
914266
959854
684902
862397
834493
442133
177090
530269
695528
139005
94544
50541
572419
679321
380187
13235
296132
992230
159500
556761
119875
427244
30740
392638
603535
486538
544591
365472
708136
521611
558850
612358
827812
824660
3
706827
868800
299536
503294
377402
965488
388911
992899
47127
479571
591954
950365
769582
577717
166007
77780
226967
881556
292197
280668
785096
797184
436197
171817
827213
505416
524503
906064
676703
219721
517590
530714
555505
535391
911440
252477
10338
474397
838451
789176
117734
102365
622869
723407
87797
403562
126009
555883
677618
186825
434950
633942
892564
359102
148176
588321
299305
212160
491109
107551
82008
703497
175870
406562
562957
713852
497337
835089
38742
525438
379740
775860
500313
540036
529065
84214
476937
884591
200425
438451
975682
496379
417294
199474
719228
868323
695539
652927
289261
957416
849092
982939
269635
165168
882390
856875
383512
430005
315496
534903
778630
58739
840162
730964
869028
365104
422374
673843
103804
510675
931966
541686
675727
898390
502401
98729
344372
925382
487004
656124
267748
493590
895663
289027
14573
403643
729528
270314
947772
240214
689054
84859
155207
53555
605740
194714
692906
931775
655974
953670
474364
746419
787165
90640
828951
432788
237611
141545
815842
519639
293446
27685
371297
844662
241487
118507
196032
737230
454397
687941
608753
208908
917459
584542
880314
50057
665395
712443
474299
623339
964399
286909
325534
833081
185725
347565
100490
282090
775047
251381
749852
576192
282994
626782
208796
831790
959021
710572
718353
727504
202311
625548
33556
687711
655435
105119
681602
833802
549655
92918
231297
641769
776764
529986
975732
850303
577202
84793
260812
992778
582260
39169
716217
399230
527997
857668
996809
212669
343570
7716
354552
794356
272645
747462
484562
600058
630427
618931
52185
293932
713372
843314
384820
928963
67356
14814
923622
500756
467685
200327
707669
436060
97675
522429
248234
305706
556943
132512
273057
426134
481563
864694
703607
972164
11513
53152
762676
810713
723324
995132
93014
858438
56901
498957
427032
938921
294738
531254
659531
867596
643626
628586
384093
291501
574512
97903
736978
835710
836697
605777
701927
745315
353045
48513
469130
269158
408377
457182
292961
387846
98858
528310
51834
579847
197570
352149
550605
377329
940568
320593
605469
140493
93703
449582
169635
411590
445532
202295
184428
678850
557338
588926
70208
900394
132052
569813
391543
307338
490346
317368
130930
566527
199039
653354
630376
939510
149780
30699
798204
60278
711353
189475
585165
615926
598611
577533
296830
200743
431554
205382
503653
924403
271761
530619
841965
540230
763713
701762
36546
549979
352319
296088
114844
144283
284660
438280
795398
540557
192561
14909
455307
115888
987388
783958
318203
172154
48634
262470
666768
716491
399095
247282
986527
761224
918121
515406
510353
598984
218368
784849
500496
665013
921371
72101
532857
583908
597293
706751
26530
772111
151104
226580
873941
326803
830740
14510
260510
627964
522114
899242
190355
162798
406684
869490
363375
67703
201943
940756
62583
893018
6879
382978
509325
14090
828279
745711
177720
570122
700940
729959
96834
604838
60337
31724
357082
495585
750638
117400
618828
649995
367323
385632
44586
596659
625485
493781
306410
930336
189640
912255
872445
901251
509852
718866
542605
787280
782204
149733
429719
868808
555876
412517
339189
564083
517454
261534
477941
534360
52349
507173
591649
300152
389590
423292
854671
207568
481139
174047
449521
345788
660767
327389
95468
391047
214711
637586
506232
226102
673596
415016
326449
431432
28645
521757
340508
826734
965125
971671
142042
53941
622866
869603
47006
184209
152471
575394
204386
322743
306189
54417
746273
29491
776619
600269
655259
544644
538532
72782
597392
142792
164734
510239
519059
828067
533850
259318
254142
276559
757409
456378
134783
182793
331453
463770
683620
352741
610369
821262
399902
418913
835018
1654
831701
602939
681240
733501
549601
258344
195859
522521
268147
394350
313883
782764
988548
232950
659839
221530
546524
473748
77537
60179
686208
264698
733029
152714
980749
237157
765043
293662
615308
553511
312985
427109
642471
858653
384021
812024
596591
627467
676066
678755
814513
477514
816463
894443
98072
105477
841725
293029
324454
462694
436583
704572
288619
410548
854412
43386
668276
63696
186036
367960
496248
516760
371479
479346
891092
574273
424615
200666
293498
42211
447395
37392
120497
408918
318460
92440
323801
404787
527192
481707
958517
302407
38931
668317
368248
931252
35164
367491
771242
865877
522738
415760
886469
106255
389449
480758
40109
421453
352947
151613
948337
194331
162921
90003
948717
13092
644039
639482
582556
413224
39995
138156
211815
837703
742174
404368
423653
224024
787829
547697
747261
469061
454164
884411
824615
626230
817896
199925
848376
341105
934664
522106
163916
724640
745260
610669
930866
435595
113407
836108
963345
717519
25799
220639
349750
35243
784133
607043
510868
687788
917701
480671
119226
184354
617352
681548
169226
54382
648570
748099
216999
251941
501342
254418
736574
589999
81675
699582
900578
94920
646638
439461
540458
456375
842233
448646
405778
509681
408790
654700
334626
309633
397629
588707
435676
79185
696525
367593
425006
224676
99608
675709
817952
988665
356822
394155
278222
25143
751649
14053
18807
220796
298282
189805
404540
615530
5816
304278
655515
532086
143434
689738
805678
824880
507278
986218
947628
142030
60718
535887
254939
252072
989128
655192
182496
951545
157444
6969
751627
418211
523060
985871
934591
197774
628324
399172
973983
821508
416180
942859
313738
316014
751274
458845
80745
502730
53348
696604
322642
964728
404134
563258
165953
409715
224694
773020
878286
135339
316427
861077
690571
149368
334208
795277
541590
658361
200722
662058
646634
127864
144846
564141
190709
987057
947734
266450
326410
978462
860904
502601
300812
273926
862625
955650
90103
757248
636127
427999
595272
726440
389542
309604
730401
31038
58693
649473
246429
357924
371803
892624
813267
648117
319451
243236
973531
886400
306331
925097
793767
846816
84259
487960
612487
559136
812417
863917
798286
459039
617686
86022
1389
846011
523100
214351
977367
503237
775415
48737
848384
25755
64015
176108
344705
525775
881422
967301
449310
607432
955892
130894
141364
707797
65261
907683
499633
43377
682448
273333
998295
702856
986474
70358
553799
537690
7449
351595
940238
368540
672104
421611
997508
822670
860268
489227
355894
74682
508988
224354
744700
881160
789552
582906
31348
109900
601404
139360
995376
966264
702192
173627
654292
653845
745683
896642
715347
87987
95960
546392
64767
457610
836585
215096
397223
282669
764135
555759
97677
102342
654302
6248
446932
927865
999434
913945
129578
733072
133560
897477
243459
878073
990829
935551
324125
467759
391291
896288
600452
724071
11717
922096
823480
400024
386871
791300
609520
680639
514259
773816
160358
773549
304875
351375
998040
738853
93822
319758
646033
131848
851161
739565
131971
244955
999352
4486
158852
721380
194577
260316
193170
906218
420493
636920
42771
913426
405365
972184
399589
647114
70290
452051
898694
417386
881448
563309
530868
612857
734484
251677
255742
663963
502489
153203
845062
478527
547116
423261
757625
863589
905874
973466
79524
701011
908830
825210
527752
952147
632583
6698
833563
594170
385424
58370
288045
265492
732272
356523
250676
201868
529974
171074
462466
991466
562334
566284
563385
306522
411630
12249
791920
931085
334316
666473
224462
135364
907148
4698
65414
742372
963605
217238
175582
500353
795335
338215
204853
2976
607165
654417
445050
579293
479433
192934
99905
650947
474421
986737
476165
857934
69520
447852
688132
167767
901596
877551
662446
185117
58619
806573
853874
993813
651289
360782
918760
156409
404333
794117
854721
304027
880422
704777
584095
887638
552082
256549
486335
268410
444379
672592
380049
904058
392940
97818
345680
804977
756362
753729
726418
949237
1401
110510
121643
675186
808331
465980
34196
322955
874662
805480
989454
642677
231491
257704
756002
737179
13672
169351
900155
677634
814203
364553
561369
910067
820870
152224
776713
584588
754126
125664
288522
114787
970666
667031
958358
355210
65343
536070
622572
129356
521481
440539
225308
26675
208442
811458
780434
286304
310521
602668
828518
396737
867012
550663
988217
505806
386265
56371
500025
965019
587553
930440
159007
563062
517395
690548
105150
625100
763714
944069
97092
703492
806874
142224
902281
698153
600389
897291
935407
136196
185381
140778
252725
169330
102270
533894
696231
279133
651855
22203
789493
884859
792785
576526
672770
212870
538505
797907
371220
803887
377433
997564
891042
498351
555027
517096
287450
345101
106615
387882
482211
530134
252887
75012
257027
807131
350592
578968
678568
13778
85502
389330
272353
562964
645572
352206
769367
179533
974114
207100
809417
326395
996453
558938
905301
370812
876622
470315
957721
597583
917686
886710
220017
984744
65796
610904
125128
518159
407142
725589
987917
398401
237322
508278
491712
339477
788981
24411
481274
621060
323282
677545
155441
291220
223907
918414
917628
996970
834428
716511
811852
232241
723350
31390
909419
811500
56241
102653
685461
343253
912896
213127
247202
74516
177415
980216
57019
808299
439199
83060
482807
385817
137170
328932
880320
49946
887414
467164
458568
212432
215896
496176
713331
695084
957489
326272
450643
236019
390590
125298
401268
486679
434259
683632
413060
161215
835007
625120
958562
328477
433664
183613
625021
126888
840648
810894
636514
330533
811305
814075
300144
11010
482003
316777
842297
310182
258452
789667
854937
256987
172304
946016
21841
30662
773235
513909
224528
428831
135006
188772
842076
964409
763700
942834
963947
436960
568255
322936
674247
73794
459963
827225
322863
581705
585248
398681
538183
155406
45625
920173
906473
921356
998553
847956
505196
871143
219154
904868
120073
136640
505363
307165
816929
56724
711507
217239
413095
419412
898012
5800
478168
938572
181667
462279
744069
537659
742186
255554
194112
